Geometry (a.u.)
--------

  0             n    7.00         0.000000      0.000000      0.084110
  1             h    1.00         1.256811      1.256811     -0.720857
  2             h    1.00        -1.716836      0.460025     -0.720857
  3             h    1.00         0.460025     -1.716836     -0.720857

Geometry (a.u.)
--------

  0             h    1.00         0.000000      0.000000     -1.000000
  1             h    1.00         0.000000      0.000000      1.000000

Geometry (a.u.)
--------

  0             c    6.00        -0.000000     -0.000000     -0.000011
  1             h    1.00         1.364384      1.364384      0.682205
  2             h    1.00        -1.863783      0.499399      0.682205
  3             h    1.00         0.499399     -1.863783      0.682205
  4             h    1.00         0.000000     -0.000000     -2.046602

Basis set
---------

    h
         0     s      3.400000
         1    sp      0.700000
         2     s      0.200000

    c
         0     s     80.000000
         1     s     15.000000
         2    sp      5.000000
         3   spd      1.500000
         4    sp      0.300000

    n
         0     s     99.000000
         1     s     18.000000
         2    sp      7.000000
         3   spd      1.500000
         4    sp      0.400000


 Atom basis function ranges
    0      0 :   24
    1     25 :   33
    2     34 :   42
    3     43 :   51
    4     52 :   60

Total number of basis function 61

Number of electrons 10

4800
4800

Number of doubly-occupied orbitals 5
lo = 0    hi = 32
s6060 1.000000
 COLLECT rank=1 lo=32 hi=61
lo = 32    hi = 61
s6060 1.000000
asdjklfasjklfdasjlf
           0           1           2           3           4           5           6           7           8           9          10          11          12          13          14          15          16          17          18          19          20          21          22          23          24          25          26          27          28          29          30          31          32          33          34          35          36          37          38          39          40          41          42          43          44          45          46          47          48          49          50          51          52          53          54          55          56          57          58          59          60    
     ----------- ----------- ----------- ----------- ----------- ----------- ----------- ----------- ----------- ----------- ----------- ----------- ----------- ----------- ----------- ----------- ----------- ----------- ----------- ----------- ----------- ----------- ----------- ----------- ----------- ----------- ----------- ----------- ----------- ----------- ----------- ----------- ----------- ----------- ----------- ----------- ----------- ----------- ----------- ----------- ----------- ----------- ----------- ----------- ----------- ----------- ----------- ----------- ----------- ----------- ----------- ----------- ----------- ----------- ----------- ----------- ----------- ----------- ----------- ----------- -----------
  0       0.0000      0.0000      0.0000      0.0000      0.0000      0.0000      0.0000      0.0000     -0.0000     -0.0000     -0.0000      6.0000      0.0000      0.0000      1.3644      1.3644      0.6822      1.0000      0.0000      0.0000     -1.8638      0.4994      0.6822      1.0000      0.0000      0.0000      0.4994     -1.8638      0.6822      1.0000      0.0000      0.0000      0.0000     -0.0000     -2.0466      1.0000      0.0000      0.0000      0.0000      0.0000      0.0000      0.0000      0.0000      0.0000      0.0000      0.0000      0.0000      0.0000      0.0000      0.0000      0.0000      0.0000      0.0000      0.0000      0.0000      0.0000      0.0000      0.0000      0.0000      0.0000      0.0000
  1       0.0000      0.0000      0.0000      0.0000      0.0000      0.0000      0.0000      0.0000      0.0000      0.0000      0.0000      0.0000      0.0000      0.0000      0.0000      0.0000      0.0000      0.0000      0.0000      0.0000      0.0000      0.0000      0.0000      0.0000      0.0000      0.0000      0.0000      0.0000      0.0000      0.0000      0.0000      0.0000      0.0000      0.0000      0.0000      0.0000      0.0000      0.0000      0.0000      0.0000      0.0000      0.0000      0.0000      0.0000      0.0000      0.0000      0.0000      0.0000      0.0000      0.0000      0.0000      0.0000      0.0000      0.0000      0.0000      0.0000      0.0000      0.0000      0.0000      0.0000      0.0000
  2       0.0000      0.0000      0.0000      0.0000      0.0000      0.0000      0.0000      0.0000      0.0000      0.0000      0.0000      0.0000      0.0000      0.0000      0.0000      0.0000      0.0000      0.0000      0.0000      0.0000      0.0000      0.0000      0.0000      0.0000      0.0000      0.0000      0.0000      0.0000      0.0000      0.0000      0.0000      0.0000      0.0000      0.0000      0.0000      0.0000      0.0000      0.0000      0.0000      0.0000      0.0000      0.0000      0.0000      0.0000      0.0000      0.0000      0.0000      0.0000      0.0000      0.0000      0.0000      0.0000      0.0000      0.0000      0.0000      0.0000      0.0000      0.0000      0.0000      0.0000      0.0000
  3       0.0000      0.0000      0.0000      0.0000      0.0000      0.0000      0.0000      0.0000      0.0000      0.0000      0.0000      0.0000      0.0000      0.0000      0.0000      0.0000      0.0000      0.0000      0.0000      0.0000      0.0000      0.0000      0.0000      0.0000      0.0000      0.0000      0.0000      0.0000      0.0000      0.0000      0.0000      0.0000      0.0000      0.0000      0.0000      0.0000      0.0000      0.0000      0.0000      0.0000      0.0000      0.0000      0.0000      0.0000      0.0000      0.0000      0.0000      0.0000      0.0000      0.0000      0.0000      0.0000      0.0000      0.0000      0.0000      0.0000      0.0000      0.0000      0.0000      0.0000      0.0000
  4       0.0000      0.0000      0.0000      0.0000      0.0000      0.0000      0.0000      0.0000      0.0000      0.0000      0.0000      0.0000      0.0000      0.0000      0.0000      0.0000      0.0000      0.0000      0.0000      0.0000      0.0000      0.0000      0.0000      0.0000      0.0000      0.0000      0.0000      0.0000      0.0000      0.0000      0.0000      0.0000      0.0000      0.0000      0.0000      0.0000      0.0000      0.0000      0.0000      0.0000      0.0000      0.0000      0.0000      0.0000      0.0000      0.0000      0.0000      0.0000      0.0000      0.0000      0.0000      0.0000      0.0000      0.0000      0.0000      0.0000      0.0000      0.0000      0.0000      0.0000      0.0000
  5       0.0000      0.0000      0.0000      0.0000      0.0000      0.0000      0.0000      0.0000      0.0000      0.0000      0.0000      0.0000      0.0000      0.0000      0.0000      0.0000      0.0000      0.0000      0.0000      0.0000      0.0000      0.0000      0.0000      0.0000      0.0000      0.0000      0.0000      0.0000      0.0000      0.0000      0.0000      0.0000      0.0000      0.0000      0.0000      0.0000      0.0000      0.0000      0.0000      0.0000      0.0000      0.0000      0.0000      0.0000      0.0000      0.0000      0.0000      0.0000      0.0000      0.0000      0.0000      0.0000      0.0000      0.0000      0.0000      0.0000      0.0000      0.0000      0.0000      0.0000      0.0000
  6       0.0000      0.0000      0.0000      0.0000      0.0000      0.0000      0.0000      0.0000      0.0000      0.0000      0.0000      0.0000      0.0000      0.0000      0.0000      0.00RETURNING 0
-------------------
           0           1           2           3           4           5           6           7           8           9          10          11          12          13          14          15          16          17          18          19          20          21          22          23          24          25          26          27          28          29          30          31          32          33          34          35          36          37          38          39          40          41          42          43          44          45          46          47          48          49          50          51          52          53          54          55          56          57          58          59          60    
     ----------- ----------- ----------- ----------- ----------- ----------- ----------- ----------- ----------- ----------- ----------- ----------- ----------- ----------- ----------- ----------- ----------- ----------- ----------- ----------- ----------00      0.0000      0.0000      0.0000      0.0000      0.0000      0.0000      0.0000      0.0000      0.0000      0.0000      0.0000      0.0000      0.0000      0.0000      0.0000      0.0000      0.0000      0.0000      0.0000      0.0000      0.0000      0.0000      0.0000      0.0000      0.0000      0.0000      0.0000      0.0000      0.0000      0.0000      0.0000      0.0000      0.0000      0.0000      0.0000      0.0000      0.0000      0.0000      0.0000      0.0000      0.0000      0.0000      0.0000      0.0000      0.0000
  7       0.0000      0.0000      0.0000      0.0000      0.0000      0.0000      0.0000      0.0000      0.0000      0.0000      0.0000      0.0000      0.0000      0.0000      0.0000      0.0000      0.0000      0.0000      0.0000      0.0000      0.0000      0.0000      0.0000      0.0000      0.0000      0.0000      0.0000      0.0000      0.0000      0.0000      0.0000      0.0000      0.0000      0.0000      0.0000      0.0000      0.0000      0.0000      0.0000      0.0- ----------- ----------- ----------- ----------- ----------- ----------- ----------- ----------- ----------- ----------- ----------- ----------- ----------- ----------- ----------- ----------- ----------- ----------- ----------- ----------- ----------- ----------- ----------- ----------- ----------- ----------- ----------- ----------- ----------- ----------- ----------- ----------- ----------- ----------- ----------- ----------- ----------- ----------- ----------- -----------
  0       1.0000      0.6228      0.3228      0.3044      0.3044      0.3044      0.3044      0.3044      0.3044      0.1394      0.1159      0.1159      0.1159      0.1159      0.1159      0.1159      0.1159      0.1159      0.0426      0.0400      0.0400      0.0400      0.0400      0.0400      0.0400      0.0000      0.0044      0.0023      0.0072      0.0023      0.0072      0.0031      0.0054      0.0137      0.0000      0.0044      0.0089      0.0019      0.0033      0.0050      0.0031      0.0054      0.0137      0.0000      0.00000      0.0000      0.0000      0.0000      0.0000      0.0000      0.0000      0.0000      0.0000      0.0000      0.0000      0.0000      0.0000      0.0000      0.0000      0.0000      0.0000      0.0000      0.0000      0.0000      0.0000      0.0000
  8       0.0000      0.0000      0.0000      0.0000      0.0000      0.0000      0.0000      0.0000      0.0000      0.0000      0.0000      0.0000      0.0000      0.0000      0.0000      0.0000      0.0000      0.0000      0.0000      0.0000      0.0000      0.0000      0.0000      0.0000      0.0000      0.0000      0.0000      0.0000      0.0000      0.0000      0.0000      0.0000      0.0000      0.0000      0.0000      0.0000      0.0000      0.0000      0.0000      0.0000      0.0000      0.0000      0.0000      0.0000      0.0000      0.0000      0.0000      0.0000      0.0000      0.0000      0.0000      0.0000      0.0000      0.0000      0.0000      0.0000      0.0000      0.0000      0.0000      0.0000      0.0000
  9       0.0000      0.0000   44      0.0033      0.0050      0.0089      0.0019      0.0031      0.0054      0.0137      0.0000      0.0044      0.0041      0.0041      0.0041      0.0041      0.0096      0.0018      0.0137
  1       0.6228      1.0000      0.8059      0.7690      0.7690      0.7690      0.7690      0.7690      0.7690      0.4360      0.3676      0.3676      0.3676      0.3676      0.3676      0.3676      0.3676      0.3676      0.1460      0.1373      0.1373      0.1373      0.1373      0.1373      0.1373      0.0000      0.0161      0.0088      0.0262      0.0088      0.0262      0.0116      0.0199      0.0476      0.0000      0.0161      0.0320      0.0072      0.0124      0.0185      0.0116      0.0199      0.0476      0.0000      0.0161      0.0124      0.0185      0.0320      0.0072      0.0116      0.0199      0.0476      0.0000      0.0161      0.0152      0.0152      0.0152      0.0152      0.0344      0.0067      0.0476
  2       0.3228      0.8059      1.0000      0.9692      0.9692      0.9692      0.9692       0.0000      0.0000      0.0000      0.0000      0.0000      0.0000      0.0000      0.0000      0.0000      0.0000      0.0000      0.0000      0.0000      0.0000      0.0000      0.0000      0.0000      0.0000      0.0000      0.0000      0.0000      0.0000      0.0000      0.0000      0.0000      0.0000      0.0000      0.0000      0.0000      0.0000      0.0000      0.0000      0.0000      0.0000      0.0000      0.0000      0.0000      0.0000      0.0000      0.0000      0.0000      0.0000      0.0000      0.0000      0.0000      0.0000      0.0000      0.0000      0.0000      0.0000      0.0000      0.0000      0.0000      0.0000      0.0000      0.0000      0.0000      0.0000      0.0000
 10       0.0000      0.0000      0.0000      0.0000      0.0000      0.0000      0.0000      0.0000      0.0000      0.0000      0.0000      0.0000      0.0000      0.0000      0.0000      0.0000      0.0000      0.0000      0.0000      0.0000      0.0000      0.0000      0.0000      0.0000      0.0000      0.0000    0.9692      0.9692      0.7735      0.6696      0.6696      0.6696      0.6696      0.6696      0.6696      0.6696      0.6696      0.3142      0.2962      0.2962      0.2962      0.2962      0.2962      0.2962      0.0002      0.0406      0.0233      0.0635      0.0233      0.0635      0.0299      0.0494      0.1066      0.0002      0.0406      0.0762      0.0194      0.0320      0.0462      0.0299      0.0494      0.1066      0.0002      0.0406      0.0320      0.0462      0.0762      0.0194      0.0299      0.0494      0.1066      0.0002      0.0406      0.0385      0.0385      0.0385      0.0385      0.0815      0.0181      0.1066
  3       0.3044      0.7690      0.9692      1.0000      0.8825      0.9394      0.9394      0.9394      0.9394      0.7624      0.6957      0.6262      0.6957      0.6262      0.6957      0.6262      0.6957      0.6262      0.3131      0.3038      0.2868      0.2952      0.2952      0.2952      0.2952      0.0004      0.0486      0.0291      0.0729      0.0279      0.0759       0.0000      0.0000      0.0000      0.0000      0.0000      0.0000      0.0000      0.0000      0.0000      0.0000      0.0000      0.0000      0.0000      0.0000      0.0000      0.0000      0.0000      0.0000      0.0000      0.0000      0.0000      0.0000      0.0000      0.0000      0.0000      0.0000      0.0000      0.0000      0.0000      0.0000      0.0000      0.0000      0.0000      0.0000      0.0000
 11       0.0000      0.0000      0.0000      0.0000      0.0000      0.0000      0.0000      0.0000      0.0000      0.0000      0.0000      0.0000      0.0000      0.0000      0.0000      0.0000      0.0000      0.0000      0.0000      0.0000      0.0000      0.0000      0.0000      0.0000      0.0000      0.0000      0.0000      0.0000      0.0000      0.0000      0.0000      0.0000      0.0000      0.0000      0.0000      0.0000      0.0000      0.0000      0.0000      0.0000      0.0000      0.0000      0.0000      0.0000      0.0000      0.0000      0.0000      0.0000      0.0000      0.0000    0.0358      0.0591      0.1128      0.0001      0.0312      0.0610      0.0143      0.0246      0.0355      0.0230      0.0380      0.0981      0.0002      0.0432      0.0355      0.0471      0.0810      0.0206      0.0318      0.0525      0.1086      0.0002      0.0403      0.0398      0.0366      0.0382      0.0382      0.0809      0.0180      0.1063
  4       0.3044      0.7690      0.9692      0.8825      1.0000      0.9394      0.9394      0.9394      0.9394      0.7624      0.6262      0.6957      0.6262      0.6957      0.6262      0.6957      0.6262      0.6957      0.3131      0.2868      0.3038      0.2952      0.2952      0.2952      0.2952      0.0001      0.0334      0.0184      0.0544      0.0192      0.0522      0.0246      0.0406      0.1003      0.0005      0.0521      0.0938      0.0259      0.0410      0.0592      0.0384      0.0633      0.1152      0.0002      0.0376      0.0285      0.0446      0.0706      0.0180      0.0277      0.0458      0.1041      0.0002      0.0403      0.0366       0.0000      0.0000      0.0000      0.0000      0.0000      0.0000      0.0000      0.0000      0.0000      0.0000      0.0000
 12       0.0000      0.0000      0.0000      0.0000      0.0000      0.0000      0.0000      0.0000      0.0000      0.0000      0.0000      0.0000      0.0000      0.0000      0.0000      0.0000      0.0000      0.0000      0.0000      0.0000      0.0000      0.0000      0.0000      0.0000      0.0000      0.0000      0.0000      0.0000      0.0000      0.0000      0.0000      0.0000      0.0000      0.0000      0.0000      0.0000      0.0000      0.0000      0.0000      0.0000      0.0000      0.0000      0.0000      0.0000      0.0000      0.0000      0.0000      0.0000      0.0000      0.0000      0.0000      0.0000      0.0000      0.0000      0.0000      0.0000      0.0000      0.0000      0.0000      0.0000      0.0000
 13       0.0000      0.0000      0.0000      0.0000      0.0000      0.0000      0.0000      0.0000      0.0000      0.0000      0.0000      0.0000      0    0.0398      0.0382      0.0382      0.0809      0.0180      0.1063
  5       0.3044      0.7690      0.9692      0.9394      0.9394      1.0000      0.8825      0.9394      0.9394      0.7624      0.6957      0.6957      0.6262      0.6262      0.6957      0.6957      0.6262      0.6262      0.3131      0.2952      0.2952      0.3038      0.2868      0.2952      0.2952      0.0004      0.0486      0.0279      0.0759      0.0291      0.0729      0.0358      0.0591      0.1128      0.0002      0.0432      0.0810      0.0206      0.0355      0.0471      0.0318      0.0525      0.1086      0.0001      0.0312      0.0246      0.0355      0.0610      0.0143      0.0230      0.0380      0.0981      0.0002      0.0403      0.0382      0.0382      0.0398      0.0366      0.0809      0.0180      0.1063
  6       0.3044      0.7690      0.9692      0.9394      0.9394      0.8825      1.0000      0.9394      0.9394      0.7624      0.6262      0.6262      0.6957      0.6957      0.6262      0.6262      0.6957      0..0000      0.0000      0.0000      0.0000      0.0000      0.0000      0.0000      0.0000      0.0000      0.0000      0.0000      0.0000      0.0000      0.0000      0.0000      0.0000      0.0000      0.0000      0.0000      0.0000      0.0000      0.0000      0.0000      0.0000      0.0000      0.0000      0.0000      0.0000      0.0000      0.0000      0.0000      0.0000      0.0000      0.0000      0.0000      0.0000      0.0000      0.0000      0.0000      0.0000      0.0000      0.0000      0.0000      0.0000      0.0000      0.0000      0.0000      0.0000      0.0000
 14       0.0000      0.0000      0.0000      0.0000      0.0000      0.0000      0.0000      0.0000      0.0000      0.0000      0.0000      0.0000      0.0000      0.0000      0.0000      0.0000      0.0000      0.0000      0.0000      0.0000      0.0000      0.0000      0.0000      0.0000      0.0000      0.0000      0.0000      0.0000      0.0000      0.0000      0.0000      0.0000      0.0000      0.0000      0.0000      0.0000      6957      0.3131      0.2952      0.2952      0.2868      0.3038      0.2952      0.2952      0.0001      0.0334      0.0192      0.0522      0.0184      0.0544      0.0246      0.0406      0.1003      0.0002      0.0376      0.0706      0.0180      0.0285      0.0446      0.0277      0.0458      0.1041      0.0005      0.0521      0.0410      0.0592      0.0938      0.0259      0.0384      0.0633      0.1152      0.0002      0.0403      0.0382      0.0382      0.0366      0.0398      0.0809      0.0180      0.1063
  7       0.3044      0.7690      0.9692      0.9394      0.9394      0.9394      0.9394      1.0000      0.8825      0.7624      0.6957      0.6957      0.6957      0.6957      0.6262      0.6262      0.6262      0.6262      0.3131      0.2952      0.2952      0.2952      0.2952      0.3038      0.2868      0.0003      0.0443      0.0254      0.0692      0.0254      0.0692      0.0340      0.0517      0.1095      0.0003      0.0443      0.0831      0.0212      0.0349      0.0503      0.0340      00.0000      0.0000      0.0000      0.0000      0.0000      0.0000      0.0000      0.0000      0.0000      0.0000      0.0000      0.0000      0.0000      0.0000      0.0000      0.0000      0.0000      0.0000      0.0000      0.0000      0.0000      0.0000      0.0000      0.0000      0.0000
 15       0.0000      0.0000      0.0000      0.0000      0.0000      0.0000      0.0000      0.0000      0.0000      0.0000      0.0000      0.0000      0.0000      0.0000      0.0000      0.0000      0.0000      0.0000      0.0000      0.0000      0.0000      0.0000      0.0000      0.0000      0.0000      0.0000      0.0000      0.0000      0.0000      0.0000      0.0000      0.0000      0.0000      0.0000      0.0000      0.0000      0.0000      0.0000      0.0000      0.0000      0.0000      0.0000      0.0000      0.0000      0.0000      0.0000      0.0000      0.0000      0.0000      0.0000      0.0000      0.0000      0.0000      0.0000      0.0000      0.0000      0.0000      0.0000      0.0000      0.0000     .0517      0.1095      0.0003      0.0443      0.0349      0.0503      0.0831      0.0212      0.0340      0.0517      0.1095      0.0001      0.0304      0.0288      0.0288      0.0288      0.0288      0.0636      0.0131      0.0974
  8       0.3044      0.7690      0.9692      0.9394      0.9394      0.9394      0.9394      0.8825      1.0000      0.7624      0.6262      0.6262      0.6262      0.6262      0.6957      0.6957      0.6957      0.6957      0.3131      0.2952      0.2952      0.2952      0.2952      0.2868      0.3038      0.0001      0.0367      0.0211      0.0573      0.0211      0.0573      0.0260      0.0465      0.1033      0.0001      0.0367      0.0689      0.0175      0.0289      0.0417      0.0260      0.0465      0.1033      0.0001      0.0367      0.0289      0.0417      0.0689      0.0175      0.0260      0.0465      0.1033      0.0005      0.0534      0.0505      0.0505      0.0505      0.0505      0.1028      0.0249      0.1161
  9       0.1394      0.4360      0.7735      0.7624  0.0000
 16       0.0000      0.0000      0.0000      0.0000      0.0000      0.0000      0.0000      0.0000      0.0000      0.0000      0.0000      0.0000      0.0000      0.0000      0.0000      0.0000      0.0000      0.0000      0.0000      0.0000      0.0000      0.0000      0.0000      0.0000      0.0000      0.0000      0.0000      0.0000      0.0000      0.0000      0.0000      0.0000      0.0000      0.0000      0.0000      0.0000      0.0000      0.0000      0.0000      0.0000      0.0000      0.0000      0.0000      0.0000      0.0000      0.0000      0.0000      0.0000      0.0000      0.0000      0.0000      0.0000      0.0000      0.0000      0.0000      0.0000      0.0000      0.0000      0.0000      0.0000      0.0000
 17       0.0000      0.0000      0.0000      0.0000      0.0000      0.0000      0.0000      0.0000      0.0000      0.0000      0.0000      0.0000      0.0000      0.0000      0.0000      0.0000      0.0000      0.0000      0.0000      0.0000      0.0000      0.0000      0.000     0.7624      0.7624      0.7624      0.7624      0.7624      1.0000      0.9105      0.9105      0.9105      0.9105      0.9105      0.9105      0.9105      0.9105      0.6435      0.6108      0.6108      0.6108      0.6108      0.6108      0.6108      0.0113      0.1218      0.0791      0.1722      0.0791      0.1722      0.0961      0.1418      0.2470      0.0113      0.1218      0.1986      0.0686      0.1012      0.1346      0.0961      0.1418      0.2470      0.0113      0.1218      0.1012      0.1346      0.1986      0.0686      0.0961      0.1418      0.2470      0.0113      0.1218      0.1167      0.1167      0.1167      0.1167      0.2092      0.0651      0.2470
 10       0.1159      0.3676      0.6696      0.6957      0.6262      0.6957      0.6262      0.6957      0.6262      0.9105      1.0000      0.8825      0.8825      0.7788      0.8825      0.7788      0.7788      0.6873      0.6237      0.6203      0.5651      0.6203      0.5651      0.6203      0.5651      0.0423      0.2230      0.15350      0.0000      0.0000      0.0000      0.0000      0.0000      0.0000      0.0000      0.0000      0.0000      0.0000      0.0000      0.0000      0.0000      0.0000      0.0000      0.0000      0.0000      0.0000      0.0000      0.0000      0.0000      0.0000      0.0000      0.0000      0.0000      0.0000      0.0000      0.0000      0.0000      0.0000      0.0000      0.0000      0.0000      0.0000      0.0000      0.0000      0.0000      0.0000
 18       0.0000      0.0000      0.0000      0.0000      0.0000      0.0000      0.0000      0.0000      0.0000      0.0000      0.0000      0.0000      0.0000      0.0000      0.0000      0.0000      0.0000      0.0000      0.0000      0.0000      0.0000      0.0000      0.0000      0.0000      0.0000      0.0000      0.0000      0.0000      0.0000      0.0000      0.0000      0.0000      0.0000      0.0000      0.0000      0.0000      0.0000      0.0000      0.0000      0.0000      0.0000      0.0000      0.0000      0.0000      0.0000      0.0000      0.00      0.2976      0.1535      0.2976      0.1865      0.2449      0.3089      0.0074      0.1005      0.1736      0.0534      0.0885      0.1047      0.0840      0.1103      0.2300      0.0074      0.1005      0.0885      0.1047      0.1736      0.0534      0.0840      0.1103      0.2300      0.0042      0.0770      0.0782      0.0696      0.0782      0.0696      0.1402      0.0388      0.2085
 11       0.1159      0.3676      0.6696      0.6262      0.6957      0.6957      0.6262      0.6957      0.6262      0.9105      0.8825      1.0000      0.7788      0.8825      0.7788      0.8825      0.6873      0.7788      0.6237      0.5651      0.6203      0.6203      0.5651      0.6203      0.5651      0.0133      0.1311      0.0803      0.1964      0.0902      0.1748      0.1096      0.1439      0.2538      0.0362      0.2077      0.3195      0.1240      0.1830      0.2165      0.1737      0.2281      0.3009      0.0049      0.0827      0.0648      0.0969      0.1429      0.0439      0.0691      0.0908      0.21400      0.0000      0.0000      0.0000      0.0000      0.0000      0.0000      0.0000      0.0000      0.0000      0.0000      0.0000      0.0000      0.0000      0.0000
 19       0.0000      0.0000      0.0000      0.0000      0.0000      0.0000      0.0000      0.0000      0.0000      0.0000      0.0000      0.0000      0.0000      0.0000      0.0000      0.0000      0.0000      0.0000      0.0000      0.0000      0.0000      0.0000      0.0000      0.0000      0.0000      0.0000      0.0000      0.0000      0.0000      0.0000      0.0000      0.0000      0.0000      0.0000      0.0000      0.0000      0.0000      0.0000      0.0000      0.0000      0.0000      0.0000      0.0000      0.0000      0.0000      0.0000      0.0000      0.0000      0.0000      0.0000      0.0000      0.0000      0.0000      0.0000      0.0000      0.0000      0.0000      0.0000      0.0000      0.0000      0.0000
 20       0.0000      0.0000      0.0000      0.0000      0.0000      0.0000      0.0000      0.0000      0.0000    1      0.0042      0.0770      0.0696      0.0782      0.0782      0.0696      0.1402      0.0388      0.2085
 12       0.1159      0.3676      0.6696      0.6957      0.6262      0.6262      0.6957      0.6957      0.6262      0.9105      0.8825      0.7788      1.0000      0.8825      0.7788      0.6873      0.8825      0.7788      0.6237      0.6203      0.5651      0.5651      0.6203      0.6203      0.5651      0.0133      0.1311      0.0902      0.1748      0.0803      0.1964      0.1096      0.1439      0.2538      0.0049      0.0827      0.1429      0.0439      0.0648      0.0969      0.0691      0.0908      0.2141      0.0362      0.2077      0.1830      0.2165      0.3195      0.1240      0.1737      0.2281      0.3009      0.0042      0.0770      0.0782      0.0696      0.0696      0.0782      0.1402      0.0388      0.2085
 13       0.1159      0.3676      0.6696      0.6262      0.6957      0.6262      0.6957      0.6957      0.6262      0.9105      0.7788      0.8825      0.8825      1.0000       0.0000      0.0000      0.0000      0.0000      0.0000      0.0000      0.0000      0.0000      0.0000      0.0000      0.0000      0.0000      0.0000      0.0000      0.0000      0.0000      0.0000      0.0000      0.0000      0.0000      0.0000      0.0000      0.0000      0.0000      0.0000      0.0000      0.0000      0.0000      0.0000      0.0000      0.0000      0.0000      0.0000      0.0000      0.0000      0.0000      0.0000      0.0000      0.0000      0.0000      0.0000      0.0000      0.0000      0.0000      0.0000      0.0000      0.0000      0.0000      0.0000      0.0000      0.0000      0.0000
 21       0.0000      0.0000      0.0000      0.0000      0.0000      0.0000      0.0000      0.0000      0.0000      0.0000      0.0000      0.0000      0.0000      0.0000      0.0000      0.0000      0.0000      0.0000      0.0000      0.0000      0.0000      0.0000      0.0000      0.0000      0.0000      0.0000      0.0000      0.0000      0.0000      0.0000      0.0000      0.0000      0.0000    0.6873      0.7788      0.7788      0.8825      0.6237      0.5651      0.6203      0.5651      0.6203      0.6203      0.5651      0.0042      0.0770      0.0472      0.1154      0.0472      0.1154      0.0644      0.0846      0.2085      0.0237      0.1710      0.2630      0.1020      0.1340      0.2002      0.1429      0.1878      0.2800      0.0237      0.1710      0.1340      0.2002      0.2630      0.1020      0.1429      0.1878      0.2800      0.0042      0.0770      0.0696      0.0782      0.0696      0.0782      0.1402      0.0388      0.2085
 14       0.1159      0.3676      0.6696      0.6957      0.6262      0.6957      0.6262      0.6262      0.6957      0.9105      0.8825      0.7788      0.7788      0.6873      1.0000      0.8825      0.8825      0.7788      0.6237      0.6203      0.5651      0.6203      0.5651      0.5651      0.6203      0.0237      0.1710      0.1177      0.2281      0.1177      0.2281      0.1272      0.2109      0.2800      0.0042      0.0770      0.1331      0.0409       0.0000      0.0000      0.0000      0.0000      0.0000      0.0000      0.0000      0.0000      0.0000      0.0000      0.0000      0.0000      0.0000      0.0000      0.0000      0.0000      0.0000      0.0000      0.0000      0.0000      0.0000      0.0000      0.0000      0.0000      0.0000      0.0000      0.0000      0.0000
 22       0.0000      0.0000      0.0000      0.0000      0.0000      0.0000      0.0000      0.0000      0.0000      0.0000      0.0000      0.0000      0.0000      0.0000      0.0000      0.0000      0.0000      0.0000      0.0000      0.0000      0.0000      0.0000      0.0000      0.0000      0.0000      0.0000      0.0000      0.0000      0.0000      0.0000      0.0000      0.0000      0.0000      0.0000      0.0000      0.0000      0.0000      0.0000      0.0000      0.0000      0.0000      0.0000      0.0000      0.0000      0.0000      0.0000      0.0000      0.0000      0.0000      0.0000      0.0000      0.0000      0.0000      0.0000      0.0000      0.0000      0.0000    0.0678      0.0803      0.0573      0.0950      0.2085      0.0042      0.0770      0.0678      0.0803      0.1331      0.0409      0.0573      0.0950      0.2085      0.0237      0.1710      0.1736      0.1546      0.1736      0.1546      0.2771      0.0969      0.2800
 15       0.1159      0.3676      0.6696      0.6262      0.6957      0.6957      0.6262      0.6262      0.6957      0.9105      0.7788      0.8825      0.6873      0.7788      0.8825      1.0000      0.7788      0.8825      0.6237      0.5651      0.6203      0.6203      0.5651      0.5651      0.6203      0.0074      0.1005      0.0615      0.1506      0.0691      0.1340      0.0748      0.1240      0.2300      0.0203      0.1592      0.2449      0.0950      0.1402      0.1660      0.1185      0.1964      0.2727      0.0027      0.0634      0.0497      0.0742      0.1096      0.0337      0.0472      0.0782      0.1940      0.0237      0.1710      0.1546      0.1736      0.1736      0.1546      0.2771      0.0969      0.2800
 16       0.11    0.0000      0.0000      0.0000      0.0000
 23       0.0000      0.0000      0.0000      0.0000      0.0000      0.0000      0.0000      0.0000      0.0000      0.0000      0.0000      0.0000      0.0000      0.0000      0.0000      0.0000      0.0000      0.0000      0.0000      0.0000      0.0000      0.0000      0.0000      0.0000      0.0000      0.0000      0.0000      0.0000      0.0000      0.0000      0.0000      0.0000      0.0000      0.0000      0.0000      0.0000      0.0000      0.0000      0.0000      0.0000      0.0000      0.0000      0.0000      0.0000      0.0000      0.0000      0.0000      0.0000      0.0000      0.0000      0.0000      0.0000      0.0000      0.0000      0.0000      0.0000      0.0000      0.0000      0.0000      0.0000      0.0000
 24       0.0000      0.0000      0.0000      0.0000      0.0000      0.0000      0.0000      0.0000      0.0000      0.0000      0.0000      0.0000      0.0000      0.0000      0.0000      0.0000      0.0000      0.0000      0.0000      0.59      0.3676      0.6696      0.6957      0.6262      0.6262      0.6957      0.6262      0.6957      0.9105      0.7788      0.6873      0.8825      0.7788      0.8825      0.7788      1.0000      0.8825      0.6237      0.6203      0.5651      0.5651      0.6203      0.5651      0.6203      0.0074      0.1005      0.0691      0.1340      0.0615      0.1506      0.0748      0.1240      0.2300      0.0027      0.0634      0.1096      0.0337      0.0497      0.0742      0.0472      0.0782      0.1940      0.0203      0.1592      0.1402      0.1660      0.2449      0.0950      0.1185      0.1964      0.2727      0.0237      0.1710      0.1736      0.1546      0.1546      0.1736      0.2771      0.0969      0.2800
 17       0.1159      0.3676      0.6696      0.6262      0.6957      0.6262      0.6957      0.6262      0.6957      0.9105      0.6873      0.7788      0.7788      0.8825      0.7788      0.8825      0.8825      1.0000      0.6237      0.5651      0.6203      0.5651      0.6203      0.5651      0.60000      0.0000      0.0000      0.0000      0.0000      0.0000      0.0000      0.0000      0.0000      0.0000      0.0000      0.0000      0.0000      0.0000      0.0000      0.0000      0.0000      0.0000      0.0000      0.0000      0.0000      0.0000      0.0000      0.0000      0.0000      0.0000      0.0000      0.0000      0.0000      0.0000      0.0000      0.0000      0.0000      0.0000      0.0000      0.0000      0.0000      0.0000      0.0000      0.0000      0.0000      0.0000
 25       0.0000      0.0000      0.0000      0.0000      0.0000      0.0000      0.0000      0.0000      0.0000      0.0000      0.0000      0.0000      0.0000      0.0000      0.0000      0.0000      0.0000      0.0000      0.0000      0.0000      0.0000      0.0000      0.0000      0.0000      0.0000      0.0000      0.0000      0.0000      0.0000      0.0000      0.0000      0.0000      0.0000      0.0000      0.0000      0.0000      0.0000      0.0000      0.0000      0.0000      0.0000      0.0000      0.0000      0203      0.0023      0.0590      0.0362      0.0885      0.0362      0.0885      0.0439      0.0728      0.1890      0.0133      0.1311      0.2016      0.0782      0.1028      0.1535      0.0975      0.1617      0.2538      0.0133      0.1311      0.1028      0.1535      0.2016      0.0782      0.0975      0.1617      0.2538      0.0237      0.1710      0.1546      0.1736      0.1546      0.1736      0.2771      0.0969      0.2800
 18       0.0426      0.1460      0.3142      0.3131      0.3131      0.3131      0.3131      0.3131      0.3131      0.6435      0.6237      0.6237      0.6237      0.6237      0.6237      0.6237      0.6237      0.6237      1.0000      0.9692      0.9692      0.9692      0.9692      0.9692      0.9692      0.1271      0.3641      0.3011      0.4241      0.3011      0.4241      0.3280      0.3893      0.5867      0.1271      0.3641      0.4515      0.2828      0.3356      0.3804      0.3280      0.3893      0.5867      0.1271      0.3641      0.3356      0.3804      0.4515      0..0000      0.0000      0.0000      0.0000      0.0000      0.0000      0.0000      0.0000      0.0000      0.0000      0.0000      0.0000      0.0000      0.0000      0.0000      0.0000      0.0000      0.0000
 26       0.0000      0.0000      0.0000      0.0000      0.0000      0.0000      0.0000      0.0000      0.0000      0.0000      0.0000      0.0000      0.0000      0.0000      0.0000      0.0000      0.0000      0.0000      0.0000      0.0000      0.0000      0.0000      0.0000      0.0000      0.0000      0.0000      0.0000      0.0000      0.0000      0.0000      0.0000      0.0000      0.0000      0.0000      0.0000      0.0000      0.0000      0.0000      0.0000      0.0000      0.0000      0.0000      0.0000      0.0000      0.0000      0.0000      0.0000      0.0000      0.0000      0.0000      0.0000      0.0000      0.0000      0.0000      0.0000      0.0000      0.0000      0.0000      0.0000      0.0000      0.0000
 27       0.0000      0.0000      0.0000      0.0000      0.0000      0.0000 2828      0.3280      0.3893      0.5867      0.1271      0.3641      0.3573      0.3573      0.3573      0.3573      0.4620      0.2764      0.5867
 19       0.0400      0.1373      0.2962      0.3038      0.2868      0.2952      0.2952      0.2952      0.2952      0.6108      0.6203      0.5651      0.6203      0.5651      0.6203      0.5651      0.6203      0.5651      0.9692      1.0000      0.8825      0.9394      0.9394      0.9394      0.9394      0.1692      0.4527      0.3964      0.4979      0.3744      0.5273      0.4078      0.4840      0.6645      0.0751      0.2438      0.3202      0.1788      0.2247      0.2548      0.2196      0.2607      0.4665      0.1361      0.3835      0.3744      0.3784      0.4756      0.2979      0.3455      0.4100      0.6044      0.1200      0.3485      0.3622      0.3230      0.3420      0.3420      0.4422      0.2646      0.5722
 20       0.0400      0.1373      0.2962      0.2868      0.3038      0.2952      0.2952      0.2952      0.2952      0.6108      0.5651       0.0000      0.0000      0.0000      0.0000      0.0000      0.0000      0.0000      0.0000      0.0000      0.0000      0.0000      0.0000      0.0000      0.0000      0.0000      0.0000      0.0000      0.0000      0.0000      0.0000      0.0000      0.0000      0.0000      0.0000      0.0000      0.0000      0.0000      0.0000      0.0000      0.0000      0.0000      0.0000      0.0000      0.0000      0.0000      0.0000      0.0000      0.0000      0.0000      0.0000      0.0000      0.0000      0.0000      0.0000      0.0000      0.0000      0.0000      0.0000      0.0000      0.0000      0.0000      0.0000      0.0000      0.0000      0.0000
 28       0.0000      0.0000      0.0000      0.0000      0.0000      0.0000      0.0000      0.0000      0.0000      0.0000      0.0000      0.0000      0.0000      0.0000      0.0000      0.0000      0.0000      0.0000      0.0000      0.0000      0.0000      0.0000      0.0000      0.0000      0.0000      0.0000      0.0000      0.0000      0.0000      0.0000    0.6203      0.5651      0.6203      0.5651      0.6203      0.5651      0.6203      0.9692      0.8825      1.0000      0.9394      0.9394      0.9394      0.9394      0.0851      0.2683      0.2095      0.3309      0.2219      0.3125      0.2417      0.2869      0.4928      0.1919      0.4982      0.5834      0.4098      0.4592      0.5205      0.4488      0.5326      0.7018      0.1059      0.3167      0.2757      0.3504      0.3927      0.2460      0.2853      0.3386      0.5418      0.1200      0.3485      0.3230      0.3622      0.3420      0.3420      0.4422      0.2646      0.5722
 21       0.0400      0.1373      0.2962      0.2952      0.2952      0.3038      0.2868      0.2952      0.2952      0.6108      0.6203      0.6203      0.5651      0.5651      0.6203      0.6203      0.5651      0.5651      0.9692      0.9394      0.9394      1.0000      0.8825      0.9394      0.9394      0.1692      0.4527      0.3744      0.5273      0.3964      0.4979      0.4078      0.4840      0.6645      0.1361       0.0000      0.0000      0.0000      0.0000      0.0000      0.0000      0.0000      0.0000      0.0000      0.0000      0.0000      0.0000      0.0000      0.0000      0.0000      0.0000      0.0000      0.0000      0.0000      0.0000      0.0000      0.0000      0.0000      0.0000      0.0000      0.0000      0.0000      0.0000      0.0000      0.0000      0.0000
asdjklfasjklfdasjlf
RETURNING 1
     0.3835      0.4756      0.2979      0.3744      0.3784      0.3455      0.4100      0.6044      0.0751      0.2438      0.2247      0.2548      0.3202      0.1788      0.2196      0.2607      0.4665      0.1200      0.3485      0.3420      0.3420      0.3622      0.3230      0.4422      0.2646      0.5722
 22       0.0400      0.1373      0.2962      0.2952      0.2952      0.2868      0.3038      0.2952      0.2952      0.6108      0.5651      0.5651      0.6203      0.6203      0.5651      0.5651      0.6203      0.6203      0.9692      0.9394      0.9394      0.8825      1.0000      0.9394      0.9394      0.0851      0.2683      0.2219      0.3125      0.2095      0.3309      0.2417      0.2869      0.4928      0.1059      0.3167      0.3927      0.2460      0.2757      0.3504      0.2853      0.3386      0.5418      0.1919      0.4982      0.4592      0.5205      0.5834      0.4098      0.4488      0.5326      0.7018      0.1200      0.3485      0.3420      0.3420      0.3230      0.3622      0.4422      0.2646      0.5722
 23       0.0400      0.1373      0.2962      0.2952      0.2952      0.2952      0.2952      0.3038      0.2868      0.6108      0.6203      0.6203      0.6203      0.6203      0.5651      0.5651      0.5651      0.5651      0.9692      0.9394      0.9394      0.9394      0.9394      1.0000      0.8825      0.1425      0.3972      0.3285      0.4626      0.3285      0.4626      0.3789      0.4010      0.6166      0.1425      0.3972      0.4925      0.3085      0.3661      0.4150      0.3789      0.4010      0.6166      0.1425      0.3972      0.3661      0.4150      0.4925      0.3085      0.3789      0.4010      0.6166      0.0717      0.2354      0.2310      0.2310      0.2310      0.2310      0.3163      0.1688      0.4573
 24       0.0400      0.1373      0.2962      0.2952      0.2952      0.2952      0.2952      0.2868      0.3038      0.6108      0.5651      0.5651      0.5651      0.5651      0.6203      0.6203      0.6203      0.6203      0.9692      0.9394      0.9394      0.9394      0.9394      0.8825      1.0000      0.1011      0.3058      0.2529      0.3561      0.2529      0.3561      0.2601      0.3462      0.5310      0.1011      0.3058      0.3792      0.2375      0.2819      0.3195      0.2601      0.3462      0.5310      0.1011      0.3058      0.2819      0.3195      0.3792      0.2375      0.2601      0.3462      0.5310      0.2009      0.5159      0.5064      0.5064      0.5064      0.5064      0.6182      0.4147      0.7160
 25       0.0000      0.0000      0.0002      0.0004      0.0001      0.0004      0.0001      0.0003      0.0001      0.0113      0.0423      0.0133      0.0133      0.0042      0.0237      0.0074      0.0074      0.0023      0.1271      0.1692      0.0851      0.1692      0.0851      0.1425      0.1011      1.0000      0.6528      0.6199      0.6199      0.6199      0.6199      0.6199      0.6199      0.3101      0.0000      0.0010      0.0029      0.0003      0.0013      0.0007      0.0009      0.0009      0.0376      0.0000      0.0010      0.0013      0.0007      0.0029      0.0003      0.0009      0.0009      0.0376      0.0000      0.0010      0.0015      0.0006      0.0015      0.0006      0.0024      0.0004      0.0376
 26       0.0044      0.0161      0.0406      0.0486      0.0334      0.0486      0.0334      0.0443      0.0367      0.1218      0.2230      0.1311      0.1311      0.0770      0.1710      0.1005      0.1005      0.0590      0.3641      0.4527      0.2683      0.4527      0.2683      0.3972      0.3058      0.6528      1.0000      0.9692      0.9692      0.9692      0.9692      0.9692      0.9692      0.7582      0.0010      0.0201      0.0382      0.0099      0.0233      0.0162      0.0194      0.0194      0.1334      0.0010      0.0201      0.0233      0.0162      0.0382      0.0099      0.0194      0.0194      0.1334      0.0010      0.0201      0.0259      0.0146      0.0259      0.0146      0.0344      0.0110      0.1334
 27       0.0023      0.0088      0.0233      0.0291      0.0184      0.0279      0.0192      0.0254      0.0211      0.0791      0.1535      0.0803      0.0902      0.0472      0.1177      0.0615      0.0691      0.0362      0.3011      0.3964      0.2095      0.3744      0.2219      0.3285      0.2529      0.6199      0.9692      1.0000      0.8825      0.9394      0.9394      0.9394      0.9394      0.7477      0.0003      0.0099      0.0201      0.0046      0.0115      0.0080      0.0096      0.0096      0.0975      0.0007      0.0162      0.0201      0.0123      0.0309      0.0080      0.0157      0.0157      0.1214      0.0006      0.0146      0.0201      0.0100      0.0188      0.0106      0.0251      0.0080      0.1159
 28       0.0072      0.0262      0.0635      0.0729      0.0544      0.0759      0.0522      0.0692      0.0573      0.1722      0.2976      0.1964      0.1748      0.1154      0.2281      0.1506      0.1340      0.0885      0.4241      0.4979      0.3309      0.5273      0.3125      0.4626      0.3561      0.6199      0.9692      0.8825      1.0000      0.9394      0.9394      0.9394      0.9394      0.7477      0.0029      0.0382      0.0683      0.0201      0.0444      0.0309      0.0370      0.0370      0.1776      0.0013      0.0233      0.0254      0.0201      0.0444      0.0115      0.0226      0.0226      0.1426      0.0015      0.0259      0.0313      0.0201      0.0333      0.0188      0.0443      0.0142      0.1494
 29       0.0023      0.0088      0.0233      0.0279      0.0192      0.0291      0.0184      0.0254      0.0211      0.0791      0.1535      0.0902      0.0803      0.0472      0.1177      0.0691      0.0615      0.0362      0.3011      0.3744      0.2219      0.3964      0.2095      0.3285      0.2529      0.6199      0.9692      0.9394      0.9394      1.0000      0.8825      0.9394      0.9394      0.7477      0.0007      0.0162      0.0309      0.0080      0.0201      0.0123      0.0157      0.0157      0.1214      0.0003      0.0099      0.0115      0.0080      0.0201      0.0046      0.0096      0.0096      0.0975      0.0006      0.0146      0.0188      0.0106      0.0201      0.0100      0.0251      0.0080      0.1159
 30       0.0072      0.0262      0.0635      0.0759      0.0522      0.0729      0.0544      0.0692      0.0573      0.1722      0.2976      0.1748      0.1964      0.1154      0.2281      0.1340      0.1506      0.0885      0.4241      0.5273      0.3125      0.4979      0.3309      0.4626      0.3561      0.6199      0.9692      0.9394      0.9394      0.8825      1.0000      0.9394      0.9394      0.7477      0.0013      0.0233      0.0444      0.0115      0.0254      0.0201      0.0226      0.0226      0.1426      0.0029      0.0382      0.0444      0.0309      0.0683      0.0201      0.0370      0.0370      0.1776      0.0015      0.0259      0.0333      0.0188      0.0313      0.0201      0.0443      0.0142      0.1494
 31       0.0031      0.0116      0.0299      0.0358      0.0246      0.0358      0.0246      0.0340      0.0260      0.0961      0.1865      0.1096      0.1096      0.0644      0.1272      0.0748      0.0748      0.0439      0.3280      0.4078      0.2417      0.4078      0.2417      0.3789      0.2601      0.6199      0.9692      0.9394      0.9394      0.9394      0.9394      1.0000      0.8825      0.7477      0.0009      0.0194      0.0370      0.0096      0.0226      0.0157      0.0201      0.0177      0.1316      0.0009      0.0194      0.0226      0.0157      0.0370      0.0096      0.0201      0.0177      0.1316      0.0004      0.0110      0.0142      0.0080      0.0142      0.0080      0.0201      0.0057      0.1021
 32       0.0000      0.0000      0.0000      0.0000      0.0000      0.0000      0.0000      0.0000     -0.0000     -0.0000     -0.0000      6.0000      0.0000      0.0000      1.3644      1.3644      0.6822      1.0000      0.0000      0.0000     -1.8638      0.4994      0.6822      1.0000      0.0000      0.0000      0.4994     -1.8638      0.6822      1.0000      0.0000      0.0000      0.0000     -0.0000     -2.0466      1.0000      0.0000      0.0000      0.0000      0.0000      0.0000      0.0000      0.0000      0.0000      0.0000      0.0000      0.0000      0.0000      0.0000      0.0000      0.0000      0.0000      0.0000      0.0000      0.0000      0.0000      0.0000      0.0000      0.0000      0.0000      0.0000
 33       0.0000      0.0000      0.0000      0.0000      0.0000      0.0000      0.0000      0.0000      0.0000      0.0000      0.0000      0.0000      0.0000      0.0000      0.0000      0.0000      0.0000      0.0000      0.0000      0.0000      0.0000      0.0000      0.0000      0.0000      0.0000      0.0000      0.0000      0.0000      0.0000      0.0000      0.0000      0.0000      0.0000      0.0000      0.0000      0.0000      0.0000      0.0000      0.0000      0.0000      0.0000      0.0000      0.0000      0.0000      0.0000      0.0000      0.0000      0.0000      0.0000      0.0000      0.0000      0.0000      0.0000      0.0000      0.0000      0.0000      0.0000      0.0000      0.0000      0.0000      0.0000
 34       0.0000      0.0000      0.0000      0.0000      0.0000      0.0000      0.0000      0.0000      0.0000      0.0000      0.0000      0.0000      0.0000      0.0000      0.0000      0.0000      0.0000      0.0000      0.0000      0.0000      0.0000      0.0000      0.0000      0.0000      0.0000      0.0000      0.0000      0.0000      0.0000      0.0000      0.0000      0.0000      0.0000      0.0000      0.0000      0.0000      0.0000      0.0000      0.0000      0.0000      0.0000      0.0000      0.0000      0.0000      0.0000      0.0000      0.0000      0.0000      0.0000      0.0000      0.0000      0.0000      0.0000      0.0000      0.0000      0.0000      0.0000      0.0000      0.0000      0.0000      0.0000
 35       0.0000      0.0000      0.0000      0.0000      0.0000      0.0000      0.0000      0.0000      0.0000      0.0000      0.0000      0.0000      0.0000      0.0000      0.0000      0.0000      0.0000      0.0000      0.0000      0.0000      0.0000      0.0000      0.0000      0.0000      0.0000      0.0000      0.0000      0.0000      0.0000      0.0000      0.0000      0.0000      0.0000      0.0000      0.0000      0.0000      0.0000      0.0000      0.0000      0.0000      0.0000      0.0000      0.0000      0.0000      0.0000      0.0000      0.0000      0.0000      0.0000      0.0000      0.0000      0.0000      0.0000      0.0000      0.0000      0.0000      0.0000      0.0000      0.0000      0.0000      0.0000
 36       0.0000      0.0000      0.0000      0.0000      0.0000      0.0000      0.0000      0.0000      0.0000      0.0000      0.0000      0.0000      0.0000      0.0000      0.0000      0.0000      0.0000      0.0000      0.0000      0.0000      0.0000      0.0000      0.0000      0.0000      0.0000      0.0000      0.0000      0.0000      0.0000      0.0000      0.0000      0.0000      0.0000      0.0000      0.0000      0.0000      0.0000      0.0000      0.0000      0.0000      0.0000      0.0000      0.0000      0.0000      0.0000      0.0000      0.0000      0.0000      0.0000      0.0000      0.0000      0.0000      0.0000      0.0000      0.0000      0.0000      0.0000      0.0000      0.0000      0.0000      0.0000
 37       0.0000      0.0000      0.0000      0.0000      0.0000      0.0000      0.0000      0.0000      0.0000      0.0000      0.0000      0.0000      0.0000      0.0000      0.0000      0.0000      0.0000      0.0000      0.0000      0.0000      0.0000      0.0000      0.0000      0.0000      0.0000      0.0000      0.0000      0.0000      0.0000      0.0000      0.0000      0.0000      0.0000      0.0000      0.0000      0.0000      0.0000      0.0000      0.0000      0.0000      0.0000      0.0000      0.0000      0.0000      0.0000      0.0000      0.0000      0.0000      0.0000      0.0000      0.0000      0.0000      0.0000      0.0000      0.0000      0.0000      0.0000      0.0000      0.0000      0.0000      0.0000
 38       0.0000      0.0000      0.0000      0.0000      0.0000      0.0000      0.0000      0.0000      0.0000      0.0000      0.0000      0.0000      0.0000      0.0000      0.0000      0.0000      0.0000      0.0000      0.0000      0.0000      0.0000      0.0000      0.0000      0.0000      0.0000      0.0000      0.0000      0.0000      0.0000      0.0000      0.0000      0.0000      0.0000      0.0000      0.0000      0.0000      0.0000      0.0000      0.0000      0.0000      0.0000      0.0000      0.0000      0.0000      0.0000      0.0000      0.0000      0.0000      0.0000      0.0000      0.0000      0.0000      0.0000      0.0000      0.0000      0.0000      0.0000      0.0000      0.0000      0.0000      0.0000
 39       0.0000      0.0000      0.0000      0.0000      0.0000      0.0000      0.0000      0.0000      0.0000      0.0000      0.0000      0.0000      0.0000      0.0000      0.0000      0.0000      0.0000      0.0000      0.0000      0.0000      0.0000      0.0000      0.0000      0.0000      0.0000      0.0000      0.0000      0.0000      0.0000      0.0000      0.0000      0.0000      0.0000      0.0000      0.0000      0.0000      0.0000      0.0000      0.0000      0.0000      0.0000      0.0000      0.0000      0.0000      0.0000      0.0000      0.0000      0.0000      0.0000      0.0000      0.0000      0.0000      0.0000      0.0000      0.0000      0.0000      0.0000      0.0000      0.0000      0.0000      0.0000
 40       0.0000      0.0000      0.0000      0.0000      0.0000      0.0000      0.0000      0.0000      0.0000      0.0000      0.0000      0.0000      0.0000      0.0000      0.0000      0.0000      0.0000      0.0000      0.0000      0.0000      0.0000      0.0000      0.0000      0.0000      0.0000      0.0000      0.0000      0.0000      0.0000      0.0000      0.0000      0.0000      0.0000      0.0000      0.0000      0.0000      0.0000      0.0000      0.0000      0.0000      0.0000      0.0000      0.0000      0.0000      0.0000      0.0000      0.0000      0.0000      0.0000      0.0000      0.0000      0.0000      0.0000      0.0000      0.0000      0.0000      0.0000      0.0000      0.0000      0.0000      0.0000
 41       0.0000      0.0000      0.0000      0.0000      0.0000      0.0000      0.0000      0.0000      0.0000      0.0000      0.0000      0.0000      0.0000      0.0000      0.0000      0.0000      0.0000      0.0000      0.0000      0.0000      0.0000      0.0000      0.0000      0.0000      0.0000      0.0000      0.0000      0.0000      0.0000      0.0000      0.0000      0.0000      0.0000      0.0000      0.0000      0.0000      0.0000      0.0000      0.0000      0.0000      0.0000      0.0000      0.0000      0.0000      0.0000      0.0000      0.0000      0.0000      0.0000      0.0000      0.0000      0.0000      0.0000      0.0000      0.0000      0.0000      0.0000      0.0000      0.0000      0.0000      0.0000
 42       0.0000      0.0000      0.0000      0.0000      0.0000      0.0000      0.0000      0.0000      0.0000      0.0000      0.0000      0.0000      0.0000      0.0000      0.0000      0.0000      0.0000      0.0000      0.0000      0.0000      0.0000      0.0000      0.0000      0.0000      0.0000      0.0000      0.0000      0.0000      0.0000      0.0000      0.0000      0.0000      0.0000      0.0000      0.0000      0.0000      0.0000      0.0000      0.0000      0.0000      0.0000      0.0000      0.0000      0.0000      0.0000      0.0000      0.0000      0.0000      0.0000      0.0000      0.0000      0.0000      0.0000      0.0000      0.0000      0.0000      0.0000      0.0000      0.0000      0.0000      0.0000
 43       0.0000      0.0000      0.0000      0.0000      0.0000      0.0000      0.0000      0.0000      0.0000      0.0000      0.0000      0.0000      0.0000      0.0000      0.0000      0.0000      0.0000      0.0000      0.0000      0.0000      0.0000      0.0000      0.0000      0.0000      0.0000      0.0000      0.0000      0.0000      0.0000      0.0000      0.0000      0.0000      0.0000      0.0000      0.0000      0.0000      0.0000      0.0000      0.0000      0.0000      0.0000      0.0000      0.0000      0.0000      0.0000      0.0000      0.0000      0.0000      0.0000      0.0000      0.0000      0.0000      0.0000      0.0000      0.0000      0.0000      0.0000      0.0000      0.0000      0.0000      0.0000
 44       0.0000      0.0000      0.0000      0.0000      0.0000      0.0000      0.0000      0.0000      0.0000      0.0000      0.0000      0.0000      0.0000      0.0000      0.0000      0.0000      0.0000      0.0000      0.0000      0.0000      0.0000      0.0000      0.0000      0.0000      0.0000      0.0000      0.0000      0.0000      0.0000      0.0000      0.0000      0.0000      0.0000      0.0000      0.0000      0.0000      0.0000      0.0000      0.0000      0.0000      0.0000      0.0000      0.0000      0.0000      0.0000      0.0000      0.0000      0.0000      0.0000      0.0000      0.0000      0.0000      0.0000      0.0000      0.0000      0.0000      0.0000      0.0000      0.0000      0.0000      0.0000
 45       0.0000      0.0000      0.0000      0.0000      0.0000      0.0000      0.0000      0.0000      0.0000      0.0000      0.0000      0.0000      0.0000      0.0000      0.0000      0.0000      0.0000      0.0000      0.0000      0.0000      0.0000      0.0000      0.0000      0.0000      0.0000      0.0000      0.0000      0.0000      0.0000      0.0000      0.0000      0.0000      0.0000      0.0000      0.0000      0.0000      0.0000      0.0000      0.0000      0.0000      0.0000      0.0000      0.0000      0.0000      0.0000      0.0000      0.0000      0.0000      0.0000      0.0000      0.0000      0.0000      0.0000      0.0000      0.0000      0.0000      0.0000      0.0000      0.0000      0.0000      0.0000
 46       0.0000      0.0000      0.0000      0.0000      0.0000      0.0000      0.0000      0.0000      0.0000      0.0000      0.0000      0.0000      0.0000      0.0000      0.0000      0.0000      0.0000      0.0000      0.0000      0.0000      0.0000      0.0000      0.0000      0.0000      0.0000      0.0000      0.0000      0.0000      0.0000      0.0000      0.0000      0.0000      0.0000      0.0000      0.0000      0.0000      0.0000      0.0000      0.0000      0.0000      0.0000      0.0000      0.0000      0.0000      0.0000      0.0000      0.0000      0.0000      0.0000      0.0000      0.0000      0.0000      0.0000      0.0000      0.0000      0.0000      0.0000      0.0000      0.0000      0.0000      0.0000
 47       0.0000      0.0000      0.0000      0.0000      0.0000      0.0000      0.0000      0.0000      0.0000      0.0000      0.0000      0.0000      0.0000      0.0000      0.0000      0.0000      0.0000      0.0000      0.0000      0.0000      0.0000      0.0000      0.0000      0.0000      0.0000      0.0000      0.0000      0.0000      0.0000      0.0000      0.0000      0.0000      0.0000      0.0000      0.0000      0.0000      0.0000      0.0000      0.0000      0.0000      0.0000      0.0000      0.0000      0.0000      0.0000      0.0000      0.0000      0.0000      0.0000      0.0000      0.0000      0.0000      0.0000      0.0000      0.0000      0.0000      0.0000      0.0000      0.0000      0.0000      0.0000
 48       0.0000      0.0000      0.0000      0.0000      0.0000      0.0000      0.0000      0.0000      0.0000      0.0000      0.0000      0.0000      0.0000      0.0000      0.0000      0.0000      0.0000      0.0000      0.0000      0.0000      0.0000      0.0000      0.0000      0.0000      0.0000      0.0000      0.0000      0.0000      0.0000      0.0000      0.0000      0.0000      0.0000      0.0000      0.0000      0.0000      0.0000      0.0000      0.0000      0.0000      0.0000      0.0000      0.0000      0.0000      0.0000      0.0000      0.0000      0.0000      0.0000      0.0000      0.0000      0.0000      0.0000      0.0000      0.0000      0.0000      0.0000      0.0000      0.0000      0.0000      0.0000
 49       0.0000      0.0000      0.0000      0.0000      0.0000      0.0000      0.0000      0.0000      0.0000      0.0000      0.0000      0.0000      0.0000      0.0000      0.0000      0.0000      0.0000      0.0000      0.0000      0.0000      0.0000      0.0000      0.0000      0.0000      0.0000      0.0000      0.0000      0.0000      0.0000      0.0000      0.0000      0.0000      0.0000      0.0000      0.0000      0.0000      0.0000      0.0000      0.0000      0.0000      0.0000      0.0000      0.0000      0.0000      0.0000      0.0000      0.0000      0.0000      0.0000      0.0000      0.0000      0.0000      0.0000      0.0000      0.0000      0.0000      0.0000      0.0000      0.0000      0.0000      0.0000
 50       0.0000      0.0000      0.0000      0.0000      0.0000      0.0000      0.0000      0.0000      0.0000      0.0000      0.0000      0.0000      0.0000      0.0000      0.0000      0.0000      0.0000      0.0000      0.0000      0.0000      0.0000      0.0000      0.0000      0.0000      0.0000      0.0000      0.0000      0.0000      0.0000      0.0000      0.0000      0.0000      0.0000      0.0000      0.0000      0.0000      0.0000      0.0000      0.0000      0.0000      0.0000      0.0000      0.0000      0.0000      0.0000      0.0000      0.0000      0.0000      0.0000      0.0000      0.0000      0.0000      0.0000      0.0000      0.0000      0.0000      0.0000      0.0000      0.0000      0.0000      0.0000
 51       0.0000      0.0000      0.0000      0.0000      0.0000      0.0000      0.0000      0.0000      0.0000      0.0000      0.0000      0.0000      0.0000      0.0000      0.0000      0.0000      0.0000      0.0000      0.0000      0.0000      0.0000      0.0000      0.0000      0.0000      0.0000      0.0000      0.0000      0.0000      0.0000      0.0000      0.0000      0.0000      0.0000      0.0000      0.0000      0.0000      0.0000      0.0000      0.0000      0.0000      0.0000      0.0000      0.0000      0.0000      0.0000      0.0000      0.0000      0.0000      0.0000      0.0000      0.0000      0.0000      0.0000      0.0000      0.0000      0.0000      0.0000      0.0000      0.0000      0.0000      0.0000
 52       0.0000      0.0000      0.0000      0.0000      0.0000      0.0000      0.0000      0.0000      0.0000      0.0000      0.0000      0.0000      0.0000      0.0000      0.0000      0.0000      0.0000      0.0000      0.0000      0.0000      0.0000      0.0000      0.0000      0.0000      0.0000      0.0000      0.0000      0.0000      0.0000      0.0000      0.0000      0.0000      0.0000      0.0000      0.0000      0.0000      0.0000      0.0000      0.0000      0.0000      0.0000      0.0000      0.0000      0.0000      0.0000      0.0000      0.0000      0.0000      0.0000      0.0000      0.0000      0.0000      0.0000      0.0000      0.0000      0.0000      0.0000      0.0000      0.0000      0.0000      0.0000
 53       0.0000      0.0000      0.0000      0.0000      0.0000      0.0000      0.0000      0.0000      0.0000      0.0000      0.0000      0.0000      0.0000      0.0000      0.0000      0.0000      0.0000      0.0000      0.0000      0.0000      0.0000      0.0000      0.0000      0.0000      0.0000      0.0000      0.0000      0.0000      0.0000      0.0000      0.0000      0.0000      0.0000      0.0000      0.0000      0.0000      0.0000      0.0000      0.0000      0.0000      0.0000      0.0000      0.0000      0.0000      0.0000      0.0000      0.0000      0.0000      0.0000      0.0000      0.0000      0.0000      0.0000      0.0000      0.0000      0.0000      0.0000      0.0000      0.0000      0.0000      0.0000
 54       0.0000      0.0000      0.0000      0.0000      0.0000      0.0000      0.0000      0.0000      0.0000      0.0000      0.0000      0.0000      0.0000      0.0000      0.0000      0.0000      0.0000      0.0000      0.0000      0.0000      0.0000      0.0000      0.0000      0.0000      0.0000      0.0000      0.0000      0.0000      0.0000      0.0000      0.0000      0.0000      0.0000      0.0000      0.0000      0.0000      0.0000      0.0000      0.0000      0.0000      0.0000      0.0000      0.0000      0.0000      0.0000      0.0000      0.0000      0.0000      0.0000      0.0000      0.0000      0.0000      0.0000      0.0000      0.0000      0.0000      0.0000      0.0000      0.0000      0.0000      0.0000
 55       0.0000      0.0000      0.0000      0.0000      0.0000      0.0000      0.0000      0.0000      0.0000      0.0000      0.0000      0.0000      0.0000      0.0000      0.0000      0.0000      0.0000      0.0000      0.0000      0.0000      0.0000      0.0000      0.0000      0.0000      0.0000      0.0000      0.0000      0.0000      0.0000      0.0000      0.0000      0.0000      0.0000      0.0000      0.0000      0.0000      0.0000      0.0000      0.0000      0.0000      0.0000      0.0000      0.0000      0.0000      0.0000      0.0000      0.0000      0.0000      0.0000      0.0000      0.0000      0.0000      0.0000      0.0000      0.0000      0.0000      0.0000      0.0000      0.0000      0.0000      0.0000
 56       0.0000      0.0000      0.0000      0.0000      0.0000      0.0000      0.0000      0.0000      0.0000      0.0000      0.0000      0.0000      0.0000      0.0000      0.0000      0.0000      0.0000      0.0000      0.0000      0.0000      0.0000      0.0000      0.0000      0.0000      0.0000      0.0000      0.0000      0.0000      0.0000      0.0000      0.0000      0.0000      0.0000      0.0000      0.0000      0.0000      0.0000      0.0000      0.0000      0.0000      0.0000      0.0000      0.0000      0.0000      0.0000      0.0000      0.0000      0.0000      0.0000      0.0000      0.0000      0.0000      0.0000      0.0000      0.0000      0.0000      0.0000      0.0000      0.0000      0.0000      0.0000
 57       0.0000      0.0000      0.0000      0.0000      0.0000      0.0000      0.0000      0.0000      0.0000      0.0000      0.0000      0.0000      0.0000      0.0000      0.0000      0.0000      0.0000      0.0000      0.0000      0.0000      0.0000      0.0000      0.0000      0.0000      0.0000      0.0000      0.0000      0.0000      0.0000      0.0000      0.0000      0.0000      0.0000      0.0000      0.0000      0.0000      0.0000      0.0000      0.0000      0.0000      0.0000      0.0000      0.0000      0.0000      0.0000      0.0000      0.0000      0.0000      0.0000      0.0000      0.0000      0.0000      0.0000      0.0000      0.0000      0.0000      0.0000      0.0000      0.0000      0.0000      0.0000
 58       0.0000      0.0000      0.0000      0.0000      0.0000      0.0000      0.0000      0.0000      0.0000      0.0000      0.0000      0.0000      0.0000      0.0000      0.0000      0.0000      0.0000      0.0000      0.0000      0.0000      0.0000      0.0000      0.0000      0.0000      0.0000      0.0000      0.0000      0.0000      0.0000      0.0000      0.0000      0.0000      0.0000      0.0000      0.0000      0.0000      0.0000      0.0000      0.0000      0.0000      0.0000      0.0000      0.0000      0.0000      0.0000      0.0000      0.0000      0.0000      0.0000      0.0000      0.0000      0.0000      0.0000      0.0000      0.0000      0.0000      0.0000      0.0000      0.0000      0.0000      0.0000
 59       0.0000      0.0000      0.0000      0.0000      0.0000      0.0000      0.0000      0.0000      0.0000      0.0000      0.0000      0.0000      0.0000      0.0000      0.0000      0.0000      0.0000      0.0000      0.0000      0.0000      0.0000      0.0000      0.0000      0.0000      0.0000      0.0000      0.0000      0.0000      0.0000      0.0000      0.0000      0.0000      0.0000      0.0000      0.0000      0.0000      0.0000      0.0000      0.0000      0.0000      0.0000      0.0000      0.0000      0.0000      0.0000      0.0000      0.0000      0.0000      0.0000      0.0000      0.0000      0.0000      0.0000      0.0000      0.0000      0.0000      0.0000      0.0000      0.0000      0.0000      0.0000
 60       0.0000      0.0000      0.0000      0.0000      0.0000      0.0000      0.0000      0.0000      0.0000      0.0000      0.0000      0.0000      0.0000      0.0000      0.0000      0.0000      0.0000      0.0000      0.0000      0.0000      0.0000      0.0000      0.0000      0.0000      0.0000      0.0000      0.0000      0.0000      0.0000      0.0000      0.0000      0.0000      0.0000      0.0000      0.0000      0.0000      0.0000      0.0000      0.0000      0.0000      0.0000      0.0000      0.0000      0.0000      0.0000      0.0000      0.0000      0.0000      0.0000      0.0000      0.0000      0.0000      0.0000      0.0000      0.0000      0.0000      0.0000      0.0000      0.0000      0.0000      0.0000
*******************
           0    
     -----------
  0      -6.7790
  1       0.0000
  2       0.0000
  3       0.0000
  4       0.0000
  5       0.0000
  6       0.0000
  7       0.0000
  8       0.0000
  9       0.0000
 10       0.0000
 11       0.0000
 12       0.0000
 13       0.0000
 14       0.0000
 15       0.0000
 16       0.0000
 17       0.0000
 18       0.0000
 19       0.0000
 20       0.0000
 21       0.0000
 22       0.0000
 23       0.0000
 24       0.0000
 25       0.0000
 26       0.0000
 27       0.0000
 28       0.0000
 29       0.0000
 30       0.0001
 31       0.0003
 32       0.0008
 33       0.0018
 34       0.0028
 35       0.0034
 36       0.0037
 37       0.0040
 38       0.0115
 39       0.0181
 40       0.0252
 41       0.0349
 42       0.0397
 43       0.0424
 44       0.0480
 45       0.0596
 46       0.0747
 47       0.0978
 48       0.1122
 49       0.1168
 50       0.1391
 51       0.3874
 52       0.4338
 53       0.5032
 54       0.5847
 55       0.6910
 56       1.3032
 57       3.8623
 58       6.5879
 59       7.1143
 60      16.4742

Smallest eigenvalue of the overlap matrix -6.8e+00

 iter     energy      deltaE    deltaD   damp   time
------ ------------ --------- --------- ------ ------
     0    13.522146   1.4e+01   0.0e+00    0.3    0.0
     1    13.522146   0.0e+00   0.0e+00    0.3    0.0

 Converged!

 Total wall time = 0.0
